{"producer":{"name":"Blender","version":"2.66 (sub 1)","exporter_version":"4.6.1","file":"venom_joker.babylon"},
"autoClear":true,"clearColor":[0.0509,0.0509,0.0509],"ambientColor":[0,0,0],"gravity":[0,-9.81,0],
"materials":[{"name":"venom_joker.Venom_Joker_Skin","id":"venom_joker.Venom_Joker_Skin","ambient":[0,0,0],"diffuse":[0.8,0.8,0.8],"specular":[1,1,1],"emissive":[0,0,0],"specularPower":64,"alpha":1,"backFaceCulling":true,"checkReadyOnlyOnce":false, 
"bumpTexture":{"name":"venom_joker_Venom_Joker_Skin_NORMALS.jpg","level":1,"hasAlpha":0,"coordinatesMode":0,"uOffset":0,"vOffset":0,"uScale":1,"vScale":1,"uAng":0,"vAng":0,"wAng":0,"wrapU":0,"wrapV":0,"coordinatesIndex":0}}],
"multiMaterials":[],
"skeletons":[{"name":"Armature","id":0,"dimensionsAtRest":[0,0,0],"bones":[
{"name":"Bone","index":0,"matrix":[1,0,0,0,0,1,0,0,0,0,-1,0,-0.1119,1.6681,-0.3369,1],"rest":[1,0,0,0,0,1,0,0,0,0,-1,0,-0.1119,1.6681,-0.3369,1],"parentBoneIndex":-1,"length":0.25
,"animation":{"dataType":3,"framePerSecond":24,"keys":[
{"frame":0,"values":[1,0,0,0,0,1,0,0,0,0,-1,0,-0.1119,1.6681,-0.3369,1]},
{"frame":65,"values":[1,0,0,0,0,1,0,0,0,0,-1,0,-0.1119,1.6681,-0.3369,1]}],"loopBehavior":1,"name":"anim","property":"_matrix"}},
{"name":"Bone.002","index":1,"matrix":[1,0,0,0,0,1,0,0,0,0,1,0,0,0.25,0,1],"rest":[1,0,0,0,0,1,0,0,0,0,1,0,0,0.25,0,1],"parentBoneIndex":0,"length":0.25
,"animation":{"dataType":3,"framePerSecond":24,"keys":[
{"frame":0,"values":[1,0,0,0,0,1,0,0,0,0,1,0,0,0.25,0,1]},
{"frame":65,"values":[1,0,0,0,0,1,0,0,0,0,1,0,0,0.25,0,1]}],"loopBehavior":1,"name":"anim","property":"_matrix"}},
{"name":"Bone.001","index":2,"matrix":[1,0,0,0,0,1,0,0,0,0,1,0,0,0.25,0,1],"rest":[1,0,0,0,0,1,0,0,0,0,1,0,0,0.25,0,1],"parentBoneIndex":1,"length":0.25
,"animation":{"dataType":3,"framePerSecond":24,"keys":[
{"frame":0,"values":[1,0,0,0,0,1,0,0,0,0,1,0,0,0.25,0,1]},
{"frame":65,"values":[1,0,0,0,0,1,0,0,0,0,1,0,0,0.25,0,1]}],"loopBehavior":1,"name":"anim","property":"_matrix"}},
{"name":"Bone.003","index":3,"matrix":[1,0,0,0,0,0.9994,0.0353,0,0,-0.0353,0.9994,0,0,0.25,0,1],"rest":[1,0,0,0,0,0.9994,0.0353,0,0,-0.0353,0.9994,0,0,0.25,0,1],"parentBoneIndex":2,"length":0.2169
,"animation":{"dataType":3,"framePerSecond":24,"keys":[
{"frame":0,"values":[1,0,0,0,0,0.9994,0.0353,0,0,-0.0353,0.9994,0,0,0.25,0,1]},
{"frame":65,"values":[1,0,0,0,0,0.9994,0.0353,0,0,-0.0353,0.9994,0,0,0.25,0,1]}],"loopBehavior":1,"name":"anim","property":"_matrix"}},
{"name":"Bone.004","index":4,"matrix":[-1,0,0,0,0,0.3596,0.9331,0,0,0.9331,-0.3596,0,0,0.2169,0,1],"rest":[-1,0,0,0,0,0.3596,0.9331,0,0,0.9331,-0.3596,0,0,0.2169,0,1],"parentBoneIndex":3,"length":0.2015
,"animation":{"dataType":3,"framePerSecond":24,"keys":[
{"frame":0,"values":[-1,0,0,0,0,0.3596,0.9331,0,0,0.9331,-0.3596,0,0,0.2169,0,1]},
{"frame":65,"values":[-1,0,0,0,0,0.3596,0.9331,0,0,0.9331,-0.3596,0,0,0.2169,0,1]}],"loopBehavior":1,"name":"anim","property":"_matrix"}},
{"name":"Bone.005","index":5,"matrix":[0.8639,0.0032,0.5036,0,-0.1782,0.9372,0.2998,0,-0.471,-0.3487,0.8102,0,0,0.2015,0,1],"rest":[1,0,0,0,0,1,0,0,0,0,1,0,0,0.2015,0,1],"parentBoneIndex":4,"length":0.2015
,"animation":{"dataType":3,"framePerSecond":24,"keys":[
{"frame":0,"values":[0.8639,0.0032,0.5036,0,-0.1782,0.9372,0.2998,0,-0.471,-0.3487,0.8102,0,0,0.2015,0,1]},
{"frame":65,"values":[0.8639,0.0032,0.5036,0,-0.1782,0.9372,0.2998,0,-0.471,-0.3487,0.8102,0,0,0.2015,0,1]}],"loopBehavior":1,"name":"anim","property":"_matrix"}},
{"name":"Bone.006","index":6,"matrix":[1,0,0,0,0,0.9452,-0.3264,0,0,0.3264,0.9452,0,0,0.2015,0,1],"rest":[1,0,0,0,0,0.9452,-0.3264,0,0,0.3264,0.9452,0,0,0.2015,0,1],"parentBoneIndex":5,"length":0.0955
,"animation":{"dataType":3,"framePerSecond":24,"keys":[
{"frame":0,"values":[1,0,0,0,0,0.9452,-0.3264,0,0,0.3264,0.9452,0,0,0.2015,0,1]},
{"frame":65,"values":[1,0,0,0,0,0.9452,-0.3264,0,0,0.3264,0.9452,0,0,0.2015,0,1]}],"loopBehavior":1,"name":"anim","property":"_matrix"}},
{"name":"Bone.007","index":7,"matrix":[0.9729,0.2153,0.0841,0,-0.2302,0.8694,0.4373,0,0.0211,-0.4448,0.8954,0,0,0.0955,0,1],"rest":[1,0,0,0,0,0.9368,0.3499,0,0,-0.3499,0.9368,0,0,0.0955,0,1],"parentBoneIndex":6,"length":0.1899
,"animation":{"dataType":3,"framePerSecond":24,"keys":[
{"frame":0,"values":[0.9729,0.2153,0.0841,0,-0.2302,0.8694,0.4373,0,0.0211,-0.4448,0.8954,0,0,0.0955,0,1]},
{"frame":51,"values":[0.8729,0.1159,-0.4739,0,-0.0195,0.9789,0.2033,0,0.4875,-0.1682,0.8568,0,0,0.0955,0,1]},
{"frame":52,"values":[0.8559,0.1249,-0.5018,0,0.0732,0.9314,0.3566,0,0.5119,-0.342,0.788,0,0,0.0955,0,1]},
{"frame":53,"values":[0.8506,0.1693,-0.4978,0,0.1277,0.8519,0.5079,0,0.5101,-0.4956,0.703,0,0,0.0955,0,1]},
{"frame":54,"values":[0.831,0.1688,-0.53,0,0.0536,0.9241,0.3783,0,0.5536,-0.3428,0.7589,0,0,0.0955,0,1]},
{"frame":55,"values":[0.8199,0.1584,-0.5501,0,-0.0262,0.9704,0.2402,0,0.5718,-0.1825,0.7998,0,0,0.0955,0,1]},
{"frame":65,"values":[0.8199,0.1584,-0.5501,0,-0.0262,0.9704,0.2402,0,0.5718,-0.1825,0.7998,0,0,0.0955,0,1]}],"loopBehavior":1,"name":"anim","property":"_matrix"}},
{"name":"Bone.008","index":8,"matrix":[0,-0.9452,0.3264,0,0.9901,-0.0458,-0.1327,0,0.1404,0.3232,0.9359,0,0,0.2015,0,1],"rest":[0,-0.9452,0.3264,0,0.9901,-0.0458,-0.1327,0,0.1404,0.3232,0.9359,0,0,0.2015,0,1],"parentBoneIndex":4,"length":0.4998
,"animation":{"dataType":3,"framePerSecond":24,"keys":[
{"frame":0,"values":[0,-0.9452,0.3264,0,0.9901,-0.0458,-0.1327,0,0.1404,0.3232,0.9359,0,0,0.2015,0,1]},
{"frame":65,"values":[0,-0.9452,0.3264,0,0.9901,-0.0458,-0.1327,0,0.1404,0.3232,0.9359,0,0,0.2015,0,1]}],"loopBehavior":1,"name":"anim","property":"_matrix"}},
{"name":"Bone.009","index":9,"matrix":[0.9515,0.047,-0.3041,0,-0.1806,0.8855,-0.4282,0,0.2491,0.4623,0.851,0,0,0.4998,0,1],"rest":[0.9856,-0.084,0.1469,0,0.1606,0.7388,-0.6545,0,-0.0536,0.6687,0.7416,0,0,0.4998,0,1],"parentBoneIndex":8,"length":0.5865
,"animation":{"dataType":3,"framePerSecond":24,"keys":[
{"frame":0,"values":[0.8758,0.3176,0.3635,0,-0.0298,0.7872,-0.616,0,-0.4817,0.5286,0.6989,0,0,0.4998,0,1]},
{"frame":6,"values":[0.8796,0.3221,0.35,0,-0.0431,0.7867,-0.6158,0,-0.4737,0.5266,0.7059,0,0,0.4998,0,1]},
{"frame":7,"values":[0.8901,0.3355,0.3084,0,-0.0831,0.7849,-0.614,0,-0.4481,0.5209,0.7266,0,0,0.4998,0,1]},
{"frame":8,"values":[0.9033,0.3569,0.2382,0,-0.1485,0.7809,-0.6067,0,-0.4026,0.5127,0.7584,0,0,0.4998,0,1]},
{"frame":9,"values":[0.9124,0.3837,0.1422,0,-0.2336,0.7737,-0.5888,0,-0.336,0.5041,0.7956,0,0,0.4998,0,1]},
{"frame":10,"values":[0.9108,0.4118,0.0287,0,-0.3276,0.7635,-0.5566,0,-0.2511,0.4975,0.8303,0,0,0.4998,0,1]},
{"frame":11,"values":[0.8957,0.4356,-0.0889,0,-0.4164,0.7519,-0.5111,0,-0.1558,0.4948,0.8549,0,0,0.4998,0,1]},
{"frame":12,"values":[0.8707,0.4506,-0.1971,0,-0.4881,0.7423,-0.4591,0,-0.0606,0.496,0.8662,0,0,0.4998,0,1]},
{"frame":13,"values":[0.8436,0.4541,-0.2865,0,-0.5364,0.7377,-0.41,0,0.0252,0.4996,0.8659,0,0,0.4998,0,1]},
{"frame":14,"values":[0.8224,0.4457,-0.3536,0,-0.5607,0.7399,-0.3716,0,0.096,0.5038,0.8584,0,0,0.4998,0,1]},
{"frame":15,"values":[0.8125,0.4256,-0.3985,0,-0.5633,0.7492,-0.3483,0,0.1503,0.5074,0.8485,0,0,0.4998,0,1]},
{"frame":16,"values":[0.838,0.3604,-0.4098,0,-0.5099,0.7847,-0.3525,0,0.1945,0.5043,0.8413,0,0,0.4998,0,1]},
{"frame":17,"values":[0.8982,0.2276,-0.3762,0,-0.3753,0.8425,-0.3864,0,0.229,0.4882,0.8421,0,0,0.4998,0,1]},
{"frame":18,"values":[0.9404,0.0967,-0.326,0,-0.2351,0.8776,-0.4179,0,0.2457,0.4696,0.848,0,0,0.4998,0,1]},
{"frame":19,"values":[0.9515,0.047,-0.3041,0,-0.1806,0.8855,-0.4282,0,0.2491,0.4623,0.851,0,0,0.4998,0,1]},
{"frame":65,"values":[0.9515,0.047,-0.3041,0,-0.1806,0.8855,-0.4282,0,0.2491,0.4623,0.851,0,0,0.4998,0,1]}],"loopBehavior":1,"name":"anim","property":"_matrix"}},
{"name":"Bone.010","index":10,"matrix":[0.9807,0.1158,-0.1576,0,-0.1603,0.9378,-0.3079,0,0.1121,0.3272,0.9383,0,0,0.5865,0,1],"rest":[0.9951,0.0828,-0.054,0,-0.0827,0.9966,0.0041,0,0.0542,0.0004,0.9985,0,0,0.5865,0,1],"parentBoneIndex":9,"length":0.6066
,"animation":{"dataType":3,"framePerSecond":24,"keys":[
{"frame":0,"values":[0.9597,0.2286,-0.1637,0,-0.2808,0.8093,-0.516,0,0.0145,0.5411,0.8408,0,0,0.5865,0,1]},
{"frame":1,"values":[0.9605,0.2268,-0.1612,0,-0.2778,0.8151,-0.5083,0,0.0161,0.533,0.846,0,0,0.5865,0,1]},
{"frame":2,"values":[0.963,0.2211,-0.1538,0,-0.2685,0.8324,-0.4848,0,0.0208,0.5082,0.861,0,0,0.5865,0,1]},
{"frame":3,"values":[0.967,0.2113,-0.1421,0,-0.2531,0.8588,-0.4454,0,0.0279,0.4667,0.884,0,0,0.5865,0,1]},
{"frame":4,"values":[0.972,0.1976,-0.1274,0,-0.2323,0.8902,-0.3919,0,0.036,0.4105,0.9111,0,0,0.5865,0,1]},
{"frame":5,"values":[0.9772,0.1807,-0.1118,0,-0.208,0.9212,-0.3288,0,0.0435,0.3446,0.9377,0,0,0.5865,0,1]},
{"frame":6,"values":[0.9819,0.1627,-0.0974,0,-0.1831,0.9471,-0.2637,0,0.0493,0.2768,0.9597,0,0,0.5865,0,1]},
{"frame":7,"values":[0.9856,0.146,-0.0858,0,-0.1608,0.9655,-0.205,0,0.0529,0.2158,0.975,0,0,0.5865,0,1]},
{"frame":8,"values":[0.9881,0.1327,-0.0776,0,-0.1437,0.9767,-0.1596,0,0.0546,0.1688,0.9841,0,0,0.5865,0,1]},
{"frame":9,"values":[0.9896,0.1243,-0.0729,0,-0.1331,0.9823,-0.1315,0,0.0553,0.1398,0.9886,0,0,0.5865,0,1]},
{"frame":10,"values":[0.99,0.1215,-0.0714,0,-0.1296,0.984,-0.1221,0,0.0555,0.1301,0.9899,0,0,0.5865,0,1]},
{"frame":11,"values":[0.99,0.1216,-0.0722,0,-0.1298,0.9838,-0.1237,0,0.056,0.1319,0.9897,0,0,0.5865,0,1]},
{"frame":12,"values":[0.9898,0.1216,-0.0744,0,-0.1305,0.9831,-0.1287,0,0.0575,0.1371,0.9889,0,0,0.5865,0,1]},
{"frame":13,"values":[0.9895,0.1217,-0.0782,0,-0.1316,0.9818,-0.137,0,0.0601,0.1458,0.9875,0,0,0.5865,0,1]},
{"frame":14,"values":[0.989,0.1218,-0.0834,0,-0.1332,0.9799,-0.1484,0,0.0637,0.1579,0.9854,0,0,0.5865,0,1]},
{"frame":15,"values":[0.9885,0.1218,-0.0899,0,-0.1352,0.9774,-0.1626,0,0.0681,0.1729,0.9826,0,0,0.5865,0,1]},
{"frame":16,"values":[0.9878,0.1217,-0.0975,0,-0.1377,0.9741,-0.1792,0,0.0732,0.1904,0.979,0,0,0.5865,0,1]},
{"frame":17,"values":[0.9869,0.1214,-0.1059,0,-0.1405,0.9702,-0.1974,0,0.0788,0.2097,0.9746,0,0,0.5865,0,1]},
{"frame":18,"values":[0.986,0.1209,-0.1147,0,-0.1436,0.9657,-0.2164,0,0.0846,0.2299,0.9695,0,0,0.5865,0,1]},
{"frame":19,"values":[0.985,0.1202,-0.1235,0,-0.1468,0.9608,-0.2353,0,0.0904,0.2499,0.964,0,0,0.5865,0,1]},
{"frame":20,"values":[0.9841,0.1194,-0.1319,0,-0.1499,0.9557,-0.2532,0,0.0958,0.2689,0.9584,0,0,0.5865,0,1]},
{"frame":21,"values":[0.9831,0.1185,-0.1394,0,-0.1528,0.9509,-0.2693,0,0.1006,0.286,0.9529,0,0,0.5865,0,1]},
{"frame":22,"values":[0.9823,0.1177,-0.1458,0,-0.1554,0.9465,-0.283,0,0.1047,0.3006,0.948,0,0,0.5865,0,1]},
{"frame":23,"values":[0.9816,0.1169,-0.151,0,-0.1575,0.9428,-0.2939,0,0.108,0.3122,0.9439,0,0,0.5865,0,1]},
{"frame":24,"values":[0.9811,0.1163,-0.1547,0,-0.159,0.9401,-0.3017,0,0.1103,0.3206,0.9408,0,0,0.5865,0,1]},
{"frame":25,"values":[0.9808,0.116,-0.1569,0,-0.1599,0.9384,-0.3064,0,0.1117,0.3256,0.9389,0,0,0.5865,0,1]},
{"frame":26,"values":[0.9807,0.1158,-0.1576,0,-0.1603,0.9378,-0.3079,0,0.1121,0.3272,0.9383,0,0,0.5865,0,1]},
{"frame":65,"values":[0.9807,0.1158,-0.1576,0,-0.1603,0.9378,-0.3079,0,0.1121,0.3272,0.9383,0,0,0.5865,0,1]}],"loopBehavior":1,"name":"anim","property":"_matrix"}},
{"name":"Bone.011","index":11,"matrix":[0.9989,0.0415,0.0196,0,-0.038,0.9873,-0.1546,0,-0.0258,0.1536,0.9878,0,0,0.6066,0,1],"rest":[0.9992,-0.0155,0.0382,0,0.0226,0.9809,-0.1931,0,-0.0345,0.1938,0.9804,0,0,0.6066,0,1],"parentBoneIndex":10,"length":0.1718
,"animation":{"dataType":3,"framePerSecond":24,"keys":[
{"frame":0,"values":[0.9989,0.0415,0.0196,0,-0.038,0.9873,-0.1546,0,-0.0258,0.1536,0.9878,0,0,0.6066,0,1]},
{"frame":65,"values":[0.9989,0.0415,0.0196,0,-0.038,0.9873,-0.1546,0,-0.0258,0.1536,0.9878,0,0,0.6066,0,1]}],"loopBehavior":1,"name":"anim","property":"_matrix"}},
{"name":"Bone.016","index":12,"matrix":[-0.6347,0.3379,0.695,0,-0.7678,-0.1742,-0.6165,0,-0.0872,-0.9249,0.37,0,0,0.1718,0,1],"rest":[-0.6347,0.3379,0.695,0,-0.7678,-0.1742,-0.6165,0,-0.0872,-0.9249,0.37,0,0,0.1718,0,1],"parentBoneIndex":11,"length":0.1818
,"animation":{"dataType":3,"framePerSecond":24,"keys":[
{"frame":0,"values":[-0.6347,0.3379,0.695,0,-0.7678,-0.1742,-0.6165,0,-0.0872,-0.9249,0.37,0,0,0.1718,0,1]},
{"frame":25,"values":[-0.6347,0.3379,0.695,0,-0.7678,-0.1742,-0.6165,0,-0.0872,-0.9249,0.37,0,0,0.1719,0,1]},
{"frame":26,"values":[-0.6347,0.3379,0.695,0,-0.7678,-0.1742,-0.6165,0,-0.0872,-0.9249,0.37,0,0,0.1718,0,1]},
{"frame":65,"values":[-0.6347,0.3379,0.695,0,-0.7678,-0.1742,-0.6165,0,-0.0872,-0.9249,0.37,0,0,0.1718,0,1]}],"loopBehavior":1,"name":"anim","property":"_matrix"}},
{"name":"Bone.027","index":13,"matrix":[0.7685,-0.6376,-0.0538,0,0.218,0.3399,-0.9149,0,0.6016,0.6913,0.4002,0,0,0.1818,0,1],"rest":[0.7685,-0.6376,-0.0538,0,0.218,0.3399,-0.9149,0,0.6016,0.6913,0.4002,0,0,0.1818,0,1],"parentBoneIndex":12,"length":0.1153
,"animation":{"dataType":3,"framePerSecond":24,"keys":[
{"frame":0,"values":[0.7685,-0.6376,-0.0538,0,0.218,0.3399,-0.9149,0,0.6016,0.6913,0.4002,0,0,0.1818,0,1]},
{"frame":65,"values":[0.7685,-0.6376,-0.0538,0,0.218,0.3399,-0.9149,0,0.6016,0.6913,0.4002,0,0,0.1818,0,1]}],"loopBehavior":1,"name":"anim","property":"_matrix"}},
{"name":"Bone.028","index":14,"matrix":[0.9903,-0.1255,0.0603,0,0.1391,0.9102,-0.3901,0,-0.006,0.3947,0.9188,0,0,0.1153,0,1],"rest":[0.9903,-0.1255,0.0603,0,0.1391,0.9102,-0.3901,0,-0.006,0.3947,0.9188,0,0,0.1153,0,1],"parentBoneIndex":13,"length":0.3136
,"animation":{"dataType":3,"framePerSecond":24,"keys":[
{"frame":0,"values":[0.9903,-0.1255,0.0603,0,0.1391,0.9102,-0.3901,0,-0.006,0.3947,0.9188,0,0,0.1153,0,1]},
{"frame":65,"values":[0.9903,-0.1255,0.0603,0,0.1391,0.9102,-0.3901,0,-0.006,0.3947,0.9188,0,0,0.1153,0,1]}],"loopBehavior":1,"name":"anim","property":"_matrix"}},
{"name":"Bone.029","index":15,"matrix":[0.1696,-0.189,-0.9672,0,-0.9005,0.369,-0.23,0,0.4004,0.91,-0.1076,0,0,0.1718,0,1],"rest":[0.1696,-0.189,-0.9672,0,-0.9005,0.369,-0.23,0,0.4004,0.91,-0.1076,0,0,0.1718,0,1],"parentBoneIndex":11,"length":0.1144
,"animation":{"dataType":3,"framePerSecond":24,"keys":[
{"frame":0,"values":[0.1696,-0.189,-0.9672,0,-0.9005,0.369,-0.23,0,0.4004,0.91,-0.1076,0,0,0.1718,0,1]},
{"frame":25,"values":[0.1696,-0.189,-0.9672,0,-0.9005,0.369,-0.23,0,0.4004,0.91,-0.1076,0,0,0.1719,0,1]},
{"frame":26,"values":[0.1696,-0.189,-0.9672,0,-0.9005,0.369,-0.23,0,0.4004,0.91,-0.1076,0,0,0.1718,0,1]},
{"frame":65,"values":[0.1696,-0.189,-0.9672,0,-0.9005,0.369,-0.23,0,0.4004,0.91,-0.1076,0,0,0.1718,0,1]}],"loopBehavior":1,"name":"anim","property":"_matrix"}},
{"name":"Bone.030","index":16,"matrix":[-0.9766,-0.2123,-0.0345,0,-0.1337,0.4735,0.8706,0,-0.1685,0.8548,-0.4908,0,0,0.1144,0,1],"rest":[-0.9766,-0.2123,-0.0345,0,-0.1337,0.4735,0.8706,0,-0.1685,0.8548,-0.4908,0,0,0.1144,0,1],"parentBoneIndex":15,"length":0.1744
,"animation":{"dataType":3,"framePerSecond":24,"keys":[
{"frame":0,"values":[-0.9766,-0.2123,-0.0345,0,-0.1337,0.4735,0.8706,0,-0.1685,0.8548,-0.4908,0,0,0.1144,0,1]},
{"frame":65,"values":[-0.9766,-0.2123,-0.0345,0,-0.1337,0.4735,0.8706,0,-0.1685,0.8548,-0.4908,0,0,0.1144,0,1]}],"loopBehavior":1,"name":"anim","property":"_matrix"}},
{"name":"Bone.031","index":17,"matrix":[0.9545,0.2983,0,0,-0.2983,0.9545,0,0,0,0,1,0,0,0.1744,0,1],"rest":[0.9545,0.2983,0,0,-0.2983,0.9545,0,0,0,0,1,0,0,0.1744,0,1],"parentBoneIndex":16,"length":0.1668
,"animation":{"dataType":3,"framePerSecond":24,"keys":[
{"frame":0,"values":[0.9545,0.2983,0,0,-0.2983,0.9545,0,0,0,0,1,0,0,0.1744,0,1]},
{"frame":65,"values":[0.9545,0.2983,0,0,-0.2983,0.9545,0,0,0,0,1,0,0,0.1744,0,1]}],"loopBehavior":1,"name":"anim","property":"_matrix"}},
{"name":"Bone.032","index":18,"matrix":[0.9649,0.2627,0,0,-0.2584,0.949,-0.1805,0,-0.0474,0.1742,0.9836,0,0,0.1668,0,1],"rest":[0.9649,0.2627,0,0,-0.2584,0.949,-0.1805,0,-0.0474,0.1742,0.9836,0,0,0.1668,0,1],"parentBoneIndex":17,"length":0.3373
,"animation":{"dataType":3,"framePerSecond":24,"keys":[
{"frame":0,"values":[0.9649,0.2627,0,0,-0.2584,0.949,-0.1805,0,-0.0474,0.1742,0.9836,0,0,0.1668,0,1]},
{"frame":65,"values":[0.9649,0.2627,0,0,-0.2584,0.949,-0.1805,0,-0.0474,0.1742,0.9836,0,0,0.1668,0,1]}],"loopBehavior":1,"name":"anim","property":"_matrix"}},
{"name":"Bone.033","index":19,"matrix":[-0.0316,0.4851,0.8739,0,-0.6198,0.6764,-0.3978,0,-0.7841,-0.5543,0.2793,0,0,0.1718,0,1],"rest":[-0.0316,0.4851,0.8739,0,-0.6198,0.6764,-0.3978,0,-0.7841,-0.5543,0.2793,0,0,0.1718,0,1],"parentBoneIndex":11,"length":0.0634
,"animation":{"dataType":3,"framePerSecond":24,"keys":[
{"frame":0,"values":[-0.0316,0.4851,0.8739,0,-0.6198,0.6764,-0.3978,0,-0.7841,-0.5543,0.2793,0,0,0.1718,0,1]},
{"frame":25,"values":[-0.0316,0.4851,0.8739,0,-0.6198,0.6764,-0.3978,0,-0.7841,-0.5543,0.2793,0,0,0.1719,0,1]},
{"frame":26,"values":[-0.0316,0.4851,0.8739,0,-0.6198,0.6764,-0.3978,0,-0.7841,-0.5543,0.2793,0,0,0.1718,0,1]},
{"frame":65,"values":[-0.0316,0.4851,0.8739,0,-0.6198,0.6764,-0.3978,0,-0.7841,-0.5543,0.2793,0,0,0.1718,0,1]}],"loopBehavior":1,"name":"anim","property":"_matrix"}},
{"name":"Bone.034","index":20,"matrix":[0.7433,-0.4771,0.4689,0,0.6656,0.5973,-0.4473,0,-0.0667,0.6446,0.7616,0,0,0.0634,0,1],"rest":[0.7433,-0.4771,0.4689,0,0.6656,0.5973,-0.4473,0,-0.0667,0.6446,0.7616,0,0,0.0634,0,1],"parentBoneIndex":19,"length":0.2073
,"animation":{"dataType":3,"framePerSecond":24,"keys":[
{"frame":0,"values":[0.7433,-0.4771,0.4689,0,0.6656,0.5973,-0.4473,0,-0.0667,0.6446,0.7616,0,0,0.0634,0,1]},
{"frame":65,"values":[0.7433,-0.4771,0.4689,0,0.6656,0.5973,-0.4473,0,-0.0667,0.6446,0.7616,0,0,0.0634,0,1]}],"loopBehavior":1,"name":"anim","property":"_matrix"}},
{"name":"Bone.035","index":21,"matrix":[0.8005,0.5966,-0.0574,0,-0.5993,0.7986,-0.0557,0,0.0126,0.0791,0.9968,0,0,0.2073,0,1],"rest":[0.8005,0.5966,-0.0574,0,-0.5993,0.7986,-0.0557,0,0.0126,0.0791,0.9968,0,0,0.2073,0,1],"parentBoneIndex":20,"length":0.1611
,"animation":{"dataType":3,"framePerSecond":24,"keys":[
{"frame":0,"values":[0.8005,0.5966,-0.0574,0,-0.5993,0.7986,-0.0557,0,0.0126,0.0791,0.9968,0,0,0.2073,0,1]},
{"frame":65,"values":[0.8005,0.5966,-0.0574,0,-0.5993,0.7986,-0.0557,0,0.0126,0.0791,0.9968,0,0,0.2073,0,1]}],"loopBehavior":1,"name":"anim","property":"_matrix"}},
{"name":"Bone.036","index":22,"matrix":[0.9678,0.2515,-0.0072,0,-0.2512,0.9643,-0.0841,0,-0.0142,0.0832,0.9964,0,0,0.1611,0,1],"rest":[0.9678,0.2515,-0.0072,0,-0.2512,0.9643,-0.0841,0,-0.0142,0.0832,0.9964,0,0,0.1611,0,1],"parentBoneIndex":21,"length":0.4121
,"animation":{"dataType":3,"framePerSecond":24,"keys":[
{"frame":0,"values":[0.9678,0.2515,-0.0072,0,-0.2512,0.9643,-0.0841,0,-0.0142,0.0832,0.9964,0,0,0.1611,0,1]},
{"frame":65,"values":[0.9678,0.2515,-0.0072,0,-0.2512,0.9643,-0.0841,0,-0.0142,0.0832,0.9964,0,0,0.1611,0,1]}],"loopBehavior":1,"name":"anim","property":"_matrix"}},
{"name":"Bone.037","index":23,"matrix":[0.0316,-0.4851,-0.8739,0,0.7647,0.5748,-0.2914,0,0.6437,-0.659,0.3891,0,0,0.1718,0,1],"rest":[0.0316,-0.4851,-0.8739,0,0.7647,0.5748,-0.2914,0,0.6437,-0.659,0.3891,0,0,0.1718,0,1],"parentBoneIndex":11,"length":0.0548
,"animation":{"dataType":3,"framePerSecond":24,"keys":[
{"frame":0,"values":[0.0316,-0.4851,-0.8739,0,0.7647,0.5748,-0.2914,0,0.6437,-0.659,0.3891,0,0,0.1718,0,1]},
{"frame":25,"values":[0.0316,-0.4851,-0.8739,0,0.7647,0.5748,-0.2914,0,0.6437,-0.659,0.3891,0,0,0.1719,0,1]},
{"frame":26,"values":[0.0316,-0.4851,-0.8739,0,0.7647,0.5748,-0.2914,0,0.6437,-0.659,0.3891,0,0,0.1718,0,1]},
{"frame":65,"values":[0.0316,-0.4851,-0.8739,0,0.7647,0.5748,-0.2914,0,0.6437,-0.659,0.3891,0,0,0.1718,0,1]}],"loopBehavior":1,"name":"anim","property":"_matrix"}},
{"name":"Bone.038","index":24,"matrix":[-0.7099,-0.5763,0.4048,0,-0.6957,0.4845,-0.5303,0,0.1095,-0.6581,-0.7449,0,0,0.0548,0,1],"rest":[-0.7099,-0.5763,0.4048,0,-0.6957,0.4845,-0.5303,0,0.1095,-0.6581,-0.7449,0,0,0.0548,0,1],"parentBoneIndex":23,"length":0.2138
,"animation":{"dataType":3,"framePerSecond":24,"keys":[
{"frame":0,"values":[-0.7099,-0.5763,0.4048,0,-0.6957,0.4845,-0.5303,0,0.1095,-0.6581,-0.7449,0,0,0.0548,0,1]},
{"frame":65,"values":[-0.7099,-0.5763,0.4048,0,-0.6957,0.4845,-0.5303,0,0.1095,-0.6581,-0.7449,0,0,0.0548,0,1]}],"loopBehavior":1,"name":"anim","property":"_matrix"}},
{"name":"Bone.039","index":25,"matrix":[0.7099,0.6957,-0.1095,0,-0.7029,0.7096,-0.0485,0,0.044,0.1114,0.9928,0,0,0.2138,0,1],"rest":[0.7099,0.6957,-0.1095,0,-0.7029,0.7096,-0.0485,0,0.044,0.1114,0.9928,0,0,0.2138,0,1],"parentBoneIndex":24,"length":0.1257
,"animation":{"dataType":3,"framePerSecond":24,"keys":[
{"frame":0,"values":[0.7099,0.6957,-0.1095,0,-0.7029,0.7096,-0.0485,0,0.044,0.1114,0.9928,0,0,0.2138,0,1]},
{"frame":65,"values":[0.7099,0.6957,-0.1095,0,-0.7029,0.7096,-0.0485,0,0.044,0.1114,0.9928,0,0,0.2138,0,1]}],"loopBehavior":1,"name":"anim","property":"_matrix"}},
{"name":"Bone.040","index":26,"matrix":[0.9942,0.1068,0.0087,0,-0.107,0.9938,0.029,0,-0.0055,-0.0298,0.9995,0,0,0.1257,0,1],"rest":[0.9942,0.1068,0.0087,0,-0.107,0.9938,0.029,0,-0.0055,-0.0298,0.9995,0,0,0.1257,0,1],"parentBoneIndex":25,"length":0.3707
,"animation":{"dataType":3,"framePerSecond":24,"keys":[
{"frame":0,"values":[0.9942,0.1068,0.0087,0,-0.107,0.9938,0.029,0,-0.0055,-0.0298,0.9995,0,0,0.1257,0,1]},
{"frame":65,"values":[0.9942,0.1068,0.0087,0,-0.107,0.9938,0.029,0,-0.0055,-0.0298,0.9995,0,0,0.1257,0,1]}],"loopBehavior":1,"name":"anim","property":"_matrix"}},
{"name":"Bone.041","index":27,"matrix":[0.0316,-0.4851,-0.8739,0,0.9517,0.2818,-0.122,0,0.3055,-0.8278,0.4705,0,0,0.1718,0,1],"rest":[0.0316,-0.4851,-0.8739,0,0.9517,0.2818,-0.122,0,0.3055,-0.8278,0.4705,0,0,0.1718,0,1],"parentBoneIndex":11,"length":0.1025
,"animation":{"dataType":3,"framePerSecond":24,"keys":[
{"frame":0,"values":[0.0316,-0.4851,-0.8739,0,0.9517,0.2818,-0.122,0,0.3055,-0.8278,0.4705,0,0,0.1718,0,1]},
{"frame":25,"values":[0.0316,-0.4851,-0.8739,0,0.9517,0.2818,-0.122,0,0.3055,-0.8278,0.4705,0,0,0.1719,0,1]},
{"frame":26,"values":[0.0316,-0.4851,-0.8739,0,0.9517,0.2818,-0.122,0,0.3055,-0.8278,0.4705,0,0,0.1718,0,1]},
{"frame":65,"values":[0.0316,-0.4851,-0.8739,0,0.9517,0.2818,-0.122,0,0.3055,-0.8278,0.4705,0,0,0.1718,0,1]}],"loopBehavior":1,"name":"anim","property":"_matrix"}},
{"name":"Bone.042","index":28,"matrix":[-0.6196,-0.5203,0.5876,0,-0.7845,0.3885,-0.4832,0,0.0231,-0.7605,-0.649,0,0,0.1025,0,1],"rest":[-0.6196,-0.5203,0.5876,0,-0.7845,0.3885,-0.4832,0,0.0231,-0.7605,-0.649,0,0,0.1025,0,1],"parentBoneIndex":27,"length":0.1632
,"animation":{"dataType":3,"framePerSecond":24,"keys":[
{"frame":0,"values":[-0.6196,-0.5203,0.5876,0,-0.7845,0.3885,-0.4832,0,0.0231,-0.7605,-0.649,0,0,0.1025,0,1]},
{"frame":65,"values":[-0.6196,-0.5203,0.5876,0,-0.7845,0.3885,-0.4832,0,0.0231,-0.7605,-0.649,0,0,0.1025,0,1]}],"loopBehavior":1,"name":"anim","property":"_matrix"}},
{"name":"Bone.043","index":29,"matrix":[0.6196,0.7845,-0.0231,0,-0.7678,0.612,0.1893,0,0.1627,-0.0995,0.9816,0,0,0.1632,0,1],"rest":[0.6196,0.7845,-0.0231,0,-0.7678,0.612,0.1893,0,0.1627,-0.0995,0.9816,0,0,0.1632,0,1],"parentBoneIndex":28,"length":0.1578
,"animation":{"dataType":3,"framePerSecond":24,"keys":[
{"frame":0,"values":[0.6196,0.7845,-0.0231,0,-0.7678,0.612,0.1893,0,0.1627,-0.0995,0.9816,0,0,0.1632,0,1]},
{"frame":65,"values":[0.6196,0.7845,-0.0231,0,-0.7678,0.612,0.1893,0,0.1627,-0.0995,0.9816,0,0,0.1632,0,1]}],"loopBehavior":1,"name":"anim","property":"_matrix"}},
{"name":"Bone.044","index":30,"matrix":[1,0,0,0,0,0.9985,0.0554,0,0,-0.0554,0.9985,0,0,0.1578,0,1],"rest":[1,0,0,0,0,0.9985,0.0554,0,0,-0.0554,0.9985,0,0,0.1578,0,1],"parentBoneIndex":29,"length":0.2259
,"animation":{"dataType":3,"framePerSecond":24,"keys":[
{"frame":0,"values":[1,0,0,0,0,0.9985,0.0554,0,0,-0.0554,0.9985,0,0,0.1578,0,1]},
{"frame":65,"values":[1,0,0,0,0,0.9985,0.0554,0,0,-0.0554,0.9985,0,0,0.1578,0,1]}],"loopBehavior":1,"name":"anim","property":"_matrix"}},
{"name":"Bone.012","index":31,"matrix":[0.0141,0.9605,-0.278,0,-0.9487,-0.075,-0.3073,0,-0.316,0.2681,0.9101,0,0,0.2015,0,1],"rest":[0,0.9452,-0.3264,0,-0.981,-0.0633,-0.1832,0,-0.1939,0.3202,0.9273,0,0,0.2015,0,1],"parentBoneIndex":4,"length":0.5296
,"animation":{"dataType":3,"framePerSecond":24,"keys":[
{"frame":0,"values":[0.0141,0.9605,-0.278,0,-0.9487,-0.075,-0.3073,0,-0.316,0.2681,0.9101,0,0,0.2015,0,1]},
{"frame":65,"values":[0.0141,0.9605,-0.278,0,-0.9487,-0.075,-0.3073,0,-0.316,0.2681,0.9101,0,0,0.2015,0,1]}],"loopBehavior":1,"name":"anim","property":"_matrix"}},
{"name":"Bone.013","index":32,"matrix":[-0.0719,-0.4233,-0.9031,0,-0.2623,0.8816,-0.3924,0,0.9623,0.2087,-0.1744,0,0,0.5296,0,1],"rest":[0,-0.5871,-0.8095,0,-0.1904,0.7947,-0.5763,0,0.9817,0.1541,-0.1118,0,0,0.5296,0,1],"parentBoneIndex":31,"length":0.599
,"animation":{"dataType":3,"framePerSecond":24,"keys":[
{"frame":0,"values":[0.0088,-0.591,-0.8066,0,-0.1474,0.7971,-0.5856,0,0.989,0.1241,-0.0801,0,0,0.5296,0,1]},
{"frame":3,"values":[0.0035,-0.5788,-0.8154,0,-0.1568,0.805,-0.5721,0,0.9876,0.1298,-0.0879,0,0,0.5296,0,1]},
{"frame":4,"values":[-0.0118,-0.5447,-0.8385,0,-0.1821,0.8257,-0.5339,0,0.9832,0.1464,-0.109,0,0,0.5296,0,1]},
{"frame":5,"values":[-0.0373,-0.4913,-0.8702,0,-0.2193,0.8536,-0.4726,0,0.975,0.1732,-0.1395,0,0,0.5296,0,1]},
{"frame":6,"values":[-0.0729,-0.4214,-0.9039,0,-0.2635,0.8823,-0.39,0,0.9619,0.2098,-0.1754,0,0,0.5296,0,1]},
{"frame":7,"values":[-0.1181,-0.3391,-0.9333,0,-0.3096,0.9056,-0.2899,0,0.9435,0.2547,-0.2119,0,0,0.5296,0,1]},
{"frame":8,"values":[-0.1701,-0.2509,-0.953,0,-0.3522,0.9186,-0.179,0,0.9203,0.3052,-0.2446,0,0,0.5296,0,1]},
{"frame":9,"values":[-0.2238,-0.1657,-0.9604,0,-0.3868,0.9196,-0.0685,0,0.8946,0.3562,-0.2699,0,0,0.5296,0,1]},
{"frame":10,"values":[-0.2703,-0.0961,-0.958,0,-0.41,0.9117,0.0242,0,0.8711,0.3994,-0.2859,0,0,0.5296,0,1]},
{"frame":11,"values":[-0.2928,-0.0637,-0.954,0,-0.4193,0.9053,0.0682,0,0.8593,0.42,-0.2918,0,0,0.5296,0,1]},
{"frame":12,"values":[-0.0719,-0.4233,-0.9031,0,-0.2623,0.8816,-0.3924,0,0.9623,0.2087,-0.1744,0,0,0.5296,0,1]},
{"frame":65,"values":[-0.0719,-0.4233,-0.9031,0,-0.2623,0.8816,-0.3924,0,0.9623,0.2087,-0.1744,0,0,0.5296,0,1]}],"loopBehavior":1,"name":"anim","property":"_matrix"}},
{"name":"Bone.014","index":33,"matrix":[-0.2372,-0.3514,0.9057,0,0.0868,0.9209,0.3801,0,-0.9676,0.1688,-0.1879,0,0,0.599,0,1],"rest":[0,-0.1904,0.9817,0,0.1055,0.9762,0.1893,0,-0.9944,0.1036,0.0201,0,0,0.599,0,1],"parentBoneIndex":32,"length":0.5525
,"animation":{"dataType":3,"framePerSecond":24,"keys":[
{"frame":0,"values":[-0.8469,-0.2768,0.454,0,0.2796,0.4943,0.8231,0,-0.4522,0.824,-0.3413,0,0,0.599,0,1]},
{"frame":8,"values":[-0.8438,-0.2929,0.4497,0,0.2578,0.5138,0.8183,0,-0.4707,0.8064,-0.358,0,0,0.599,0,1]},
{"frame":9,"values":[-0.8299,-0.3415,0.4413,0,0.1924,0.5673,0.8008,0,-0.5238,0.7494,-0.4051,0,0,0.599,0,1]},
{"frame":10,"values":[-0.7972,-0.4134,0.44,0,0.0943,0.6345,0.7671,0,-0.5963,0.653,-0.4668,0,0,0.599,0,1]},
{"frame":11,"values":[-0.7451,-0.486,0.4568,0,-0.005,0.6888,0.7249,0,-0.667,0.5378,-0.5157,0,0,0.599,0,1]},
{"frame":12,"values":[-0.6844,-0.538,0.492,0,-0.069,0.7197,0.6909,0,-0.7258,0.4389,-0.5297,0,0,0.599,0,1]},
{"frame":13,"values":[-0.6267,-0.5634,0.5384,0,-0.0786,0.7331,0.6756,0,-0.7753,0.3811,-0.5037,0,0,0.599,0,1]},
{"frame":14,"values":[-0.5453,-0.551,0.6317,0,-0.0362,0.7684,0.639,0,-0.8375,0.3256,-0.4389,0,0,0.599,0,1]},
{"frame":15,"values":[-0.4124,-0.4805,0.774,0,0.0301,0.8419,0.5387,0,-0.9105,0.2455,-0.3328,0,0,0.599,0,1]},
{"frame":16,"values":[-0.2851,-0.3897,0.8757,0,0.0747,0.9018,0.4256,0,-0.9556,0.1867,-0.228,0,0,0.599,0,1]},
{"frame":17,"values":[-0.2372,-0.3514,0.9057,0,0.0868,0.9209,0.3801,0,-0.9676,0.1688,-0.1879,0,0,0.599,0,1]},
{"frame":65,"values":[-0.2372,-0.3514,0.9057,0,0.0868,0.9209,0.3801,0,-0.9676,0.1688,-0.1879,0,0,0.599,0,1]}],"loopBehavior":1,"name":"anim","property":"_matrix"}},
{"name":"Bone.015","index":34,"matrix":[1,0,0,0,0,0.9809,0.1947,0,0,-0.1947,0.9809,0,0,0.5525,0,1],"rest":[1,0,0,0,0,0.9809,0.1947,0,0,-0.1947,0.9809,0,0,0.5525,0,1],"parentBoneIndex":33,"length":0.1266
,"animation":{"dataType":3,"framePerSecond":24,"keys":[
{"frame":0,"values":[1,0,0,0,0,0.9809,0.1947,0,0,-0.1947,0.9809,0,0,0.5525,0,1]},
{"frame":65,"values":[1,0,0,0,0,0.9809,0.1947,0,0,-0.1947,0.9809,0,0,0.5525,0,1]}],"loopBehavior":1,"name":"anim","property":"_matrix"}},
{"name":"Bone.045","index":35,"matrix":[-0.7722,-0.5023,-0.3892,0,0.5636,-0.2584,-0.7846,0,0.2935,-0.8252,0.4826,0,0,0.1266,0,1],"rest":[-0.7722,-0.5023,-0.3892,0,0.5636,-0.2584,-0.7846,0,0.2935,-0.8252,0.4826,0,0,0.1266,0,1],"parentBoneIndex":34,"length":0.165
,"animation":{"dataType":3,"framePerSecond":24,"keys":[
{"frame":0,"values":[-0.7722,-0.5023,-0.3892,0,0.5636,-0.2584,-0.7846,0,0.2935,-0.8252,0.4826,0,0,0.1266,0,1]},
{"frame":65,"values":[-0.7722,-0.5023,-0.3892,0,0.5636,-0.2584,-0.7846,0,0.2935,-0.8252,0.4826,0,0,0.1266,0,1]}],"loopBehavior":1,"name":"anim","property":"_matrix"}},
{"name":"Bone.046","index":36,"matrix":[0.6348,0.7138,0.2958,0,-0.1188,0.4685,-0.8754,0,-0.7635,0.5206,0.3822,0,0,0.165,0,1],"rest":[0.6348,0.7138,0.2958,0,-0.1188,0.4685,-0.8754,0,-0.7635,0.5206,0.3822,0,0,0.165,0,1],"parentBoneIndex":35,"length":0.1519
,"animation":{"dataType":3,"framePerSecond":24,"keys":[
{"frame":0,"values":[0.6348,0.7138,0.2958,0,-0.1188,0.4685,-0.8754,0,-0.7635,0.5206,0.3822,0,0,0.165,0,1]},
{"frame":65,"values":[0.6348,0.7138,0.2958,0,-0.1188,0.4685,-0.8754,0,-0.7635,0.5206,0.3822,0,0,0.165,0,1]}],"loopBehavior":1,"name":"anim","property":"_matrix"}},
{"name":"Bone.047","index":37,"matrix":[0.9667,0.2354,-0.1,0,-0.2528,0.9391,-0.2328,0,0.0391,0.2504,0.9674,0,0,0.1519,0,1],"rest":[0.9667,0.2354,-0.1,0,-0.2528,0.9391,-0.2328,0,0.0391,0.2504,0.9674,0,0,0.1519,0,1],"parentBoneIndex":36,"length":0.2905
,"animation":{"dataType":3,"framePerSecond":24,"keys":[
{"frame":0,"values":[0.9667,0.2354,-0.1,0,-0.2528,0.9391,-0.2328,0,0.0391,0.2504,0.9674,0,0,0.1519,0,1]},
{"frame":65,"values":[0.9667,0.2354,-0.1,0,-0.2528,0.9391,-0.2328,0,0.0391,0.2504,0.9674,0,0,0.1519,0,1]}],"loopBehavior":1,"name":"anim","property":"_matrix"}},
{"name":"Bone.048","index":38,"matrix":[0,-0.7436,-0.6686,0,0.3487,0.6266,-0.697,0,0.9372,-0.2331,0.2593,0,0,0.1266,0,1],"rest":[0,-0.7436,-0.6686,0,0.3487,0.6266,-0.697,0,0.9372,-0.2331,0.2593,0,0,0.1266,0,1],"parentBoneIndex":34,"length":0.1404
,"animation":{"dataType":3,"framePerSecond":24,"keys":[
{"frame":0,"values":[0,-0.7436,-0.6686,0,0.3487,0.6266,-0.697,0,0.9372,-0.2331,0.2593,0,0,0.1266,0,1]},
{"frame":65,"values":[0,-0.7436,-0.6686,0,0.3487,0.6266,-0.697,0,0.9372,-0.2331,0.2593,0,0,0.1266,0,1]}],"loopBehavior":1,"name":"anim","property":"_matrix"}},
{"name":"Bone.049","index":39,"matrix":[0.0368,0.261,0.9646,0,-0.3706,0.9,-0.2294,0,-0.9281,-0.349,0.1299,0,0,0.1404,0,1],"rest":[0.0368,0.261,0.9646,0,-0.3706,0.9,-0.2294,0,-0.9281,-0.349,0.1299,0,0,0.1404,0,1],"parentBoneIndex":38,"length":0.1468
,"animation":{"dataType":3,"framePerSecond":24,"keys":[
{"frame":0,"values":[0.0368,0.261,0.9646,0,-0.3706,0.9,-0.2294,0,-0.9281,-0.349,0.1299,0,0,0.1404,0,1]},
{"frame":65,"values":[0.0368,0.261,0.9646,0,-0.3706,0.9,-0.2294,0,-0.9281,-0.349,0.1299,0,0,0.1404,0,1]}],"loopBehavior":1,"name":"anim","property":"_matrix"}},
{"name":"Bone.050","index":40,"matrix":[0.0326,-0.3453,-0.9379,0,-0.154,0.9255,-0.346,0,0.9875,0.1557,-0.023,0,0,0.1468,0,1],"rest":[0.0326,-0.3453,-0.9379,0,-0.154,0.9255,-0.346,0,0.9875,0.1557,-0.023,0,0,0.1468,0,1],"parentBoneIndex":39,"length":0.1748
,"animation":{"dataType":3,"framePerSecond":24,"keys":[
{"frame":0,"values":[0.0326,-0.3453,-0.9379,0,-0.154,0.9255,-0.346,0,0.9875,0.1557,-0.023,0,0,0.1468,0,1]},
{"frame":65,"values":[0.0326,-0.3453,-0.9379,0,-0.154,0.9255,-0.346,0,0.9875,0.1557,-0.023,0,0,0.1468,0,1]}],"loopBehavior":1,"name":"anim","property":"_matrix"}},
{"name":"Bone.051","index":41,"matrix":[0.9994,-0.0356,0.001,0,0.0355,0.9916,-0.1247,0,0.0034,0.1247,0.9922,0,0,0.1748,0,1],"rest":[0.9994,-0.0356,0.001,0,0.0355,0.9916,-0.1247,0,0.0034,0.1247,0.9922,0,0,0.1748,0,1],"parentBoneIndex":40,"length":0.2773
,"animation":{"dataType":3,"framePerSecond":24,"keys":[
{"frame":0,"values":[0.9994,-0.0356,0.001,0,0.0355,0.9916,-0.1247,0,0.0034,0.1247,0.9922,0,0,0.1748,0,1]},
{"frame":65,"values":[0.9994,-0.0356,0.001,0,0.0355,0.9916,-0.1247,0,0.0034,0.1247,0.9922,0,0,0.1748,0,1]}],"loopBehavior":1,"name":"anim","property":"_matrix"}},
{"name":"Bone.052","index":42,"matrix":[-0.0457,-0.482,-0.875,0,-0.1251,0.8718,-0.4737,0,0.9911,0.0878,-0.1001,0,0,0.1266,0,1],"rest":[-0.0457,-0.482,-0.875,0,-0.1251,0.8718,-0.4737,0,0.9911,0.0878,-0.1001,0,0,0.1266,0,1],"parentBoneIndex":34,"length":0.1448
,"animation":{"dataType":3,"framePerSecond":24,"keys":[
{"frame":0,"values":[-0.0457,-0.482,-0.875,0,-0.1251,0.8718,-0.4737,0,0.9911,0.0878,-0.1001,0,0,0.1266,0,1]},
{"frame":65,"values":[-0.0457,-0.482,-0.875,0,-0.1251,0.8718,-0.4737,0,0.9911,0.0878,-0.1001,0,0,0.1266,0,1]}],"loopBehavior":1,"name":"anim","property":"_matrix"}},
{"name":"Bone.053","index":43,"matrix":[0.9991,-0.0129,0.0398,0,0.0091,0.9956,0.0938,0,-0.0408,-0.0933,0.9948,0,0,0.1448,0,1],"rest":[0.9991,-0.0129,0.0398,0,0.0091,0.9956,0.0938,0,-0.0408,-0.0933,0.9948,0,0,0.1448,0,1],"parentBoneIndex":42,"length":0.1917
,"animation":{"dataType":3,"framePerSecond":24,"keys":[
{"frame":0,"values":[0.9991,-0.0129,0.0398,0,0.0091,0.9956,0.0938,0,-0.0408,-0.0933,0.9948,0,0,0.1448,0,1]},
{"frame":65,"values":[0.9991,-0.0129,0.0398,0,0.0091,0.9956,0.0938,0,-0.0408,-0.0933,0.9948,0,0,0.1448,0,1]}],"loopBehavior":1,"name":"anim","property":"_matrix"}},
{"name":"Bone.054","index":44,"matrix":[0.9623,-0.272,-0.008,0,0.2665,0.9481,-0.1736,0,0.0548,0.1649,0.9848,0,0,0.1917,0,1],"rest":[0.9623,-0.272,-0.008,0,0.2665,0.9481,-0.1736,0,0.0548,0.1649,0.9848,0,0,0.1917,0,1],"parentBoneIndex":43,"length":0.1785
,"animation":{"dataType":3,"framePerSecond":24,"keys":[
{"frame":0,"values":[0.9623,-0.272,-0.008,0,0.2665,0.9481,-0.1736,0,0.0548,0.1649,0.9848,0,0,0.1917,0,1]},
{"frame":65,"values":[0.9623,-0.272,-0.008,0,0.2665,0.9481,-0.1736,0,0.0548,0.1649,0.9848,0,0,0.1917,0,1]}],"loopBehavior":1,"name":"anim","property":"_matrix"}},
{"name":"Bone.055","index":45,"matrix":[0.9907,-0.1361,-0.0077,0,0.1362,0.9906,0.0094,0,0.0064,-0.0103,0.9999,0,0,0.1785,0,1],"rest":[0.9907,-0.1361,-0.0077,0,0.1362,0.9906,0.0094,0,0.0064,-0.0103,0.9999,0,0,0.1785,0,1],"parentBoneIndex":44,"length":0.273
,"animation":{"dataType":3,"framePerSecond":24,"keys":[
{"frame":0,"values":[0.9907,-0.1361,-0.0077,0,0.1362,0.9906,0.0094,0,0.0064,-0.0103,0.9999,0,0,0.1785,0,1]},
{"frame":65,"values":[0.9907,-0.1361,-0.0077,0,0.1362,0.9906,0.0094,0,0.0064,-0.0103,0.9999,0,0,0.1785,0,1]}],"loopBehavior":1,"name":"anim","property":"_matrix"}},
{"name":"Bone.056","index":46,"matrix":[0.2009,0.4887,0.849,0,-0.5126,0.791,-0.334,0,-0.8348,-0.3681,0.4094,0,0,0.1266,0,1],"rest":[0.2009,0.4887,0.849,0,-0.5126,0.791,-0.334,0,-0.8348,-0.3681,0.4094,0,0,0.1266,0,1],"parentBoneIndex":34,"length":0.1698
,"animation":{"dataType":3,"framePerSecond":24,"keys":[
{"frame":0,"values":[0.2009,0.4887,0.849,0,-0.5126,0.791,-0.334,0,-0.8348,-0.3681,0.4094,0,0,0.1266,0,1]},
{"frame":65,"values":[0.2009,0.4887,0.849,0,-0.5126,0.791,-0.334,0,-0.8348,-0.3681,0.4094,0,0,0.1266,0,1]}],"loopBehavior":1,"name":"anim","property":"_matrix"}},
{"name":"Bone.057","index":47,"matrix":[-0.9961,-0.0561,-0.0686,0,-0.034,0.9568,-0.2888,0,0.0818,-0.2853,-0.9549,0,0,0.1698,0,1],"rest":[-0.9961,-0.0561,-0.0686,0,-0.034,0.9568,-0.2888,0,0.0818,-0.2853,-0.9549,0,0,0.1698,0,1],"parentBoneIndex":46,"length":0.1802
,"animation":{"dataType":3,"framePerSecond":24,"keys":[
{"frame":0,"values":[-0.9961,-0.0561,-0.0686,0,-0.034,0.9568,-0.2888,0,0.0818,-0.2853,-0.9549,0,0,0.1698,0,1]},
{"frame":65,"values":[-0.9961,-0.0561,-0.0686,0,-0.034,0.9568,-0.2888,0,0.0818,-0.2853,-0.9549,0,0,0.1698,0,1]}],"loopBehavior":1,"name":"anim","property":"_matrix"}},
{"name":"Bone.058","index":48,"matrix":[0.9479,-0.3175,0.0279,0,0.3144,0.9457,0.0821,0,-0.0525,-0.069,0.9962,0,0,0.1802,0,1],"rest":[0.9479,-0.3175,0.0279,0,0.3144,0.9457,0.0821,0,-0.0525,-0.069,0.9962,0,0,0.1802,0,1],"parentBoneIndex":47,"length":0.1613
,"animation":{"dataType":3,"framePerSecond":24,"keys":[
{"frame":0,"values":[0.9479,-0.3175,0.0279,0,0.3144,0.9457,0.0821,0,-0.0525,-0.069,0.9962,0,0,0.1802,0,1]},
{"frame":65,"values":[0.9479,-0.3175,0.0279,0,0.3144,0.9457,0.0821,0,-0.0525,-0.069,0.9962,0,0,0.1802,0,1]}],"loopBehavior":1,"name":"anim","property":"_matrix"}},
{"name":"Bone.059","index":49,"matrix":[0.9981,-0.0616,0,0,0.0613,0.9938,-0.0922,0,0.0056,0.0921,0.9957,0,0,0.1614,0,1],"rest":[0.9981,-0.0616,0,0,0.0613,0.9938,-0.0922,0,0.0056,0.0921,0.9957,0,0,0.1613,0,1],"parentBoneIndex":48,"length":0.2475
,"animation":{"dataType":3,"framePerSecond":24,"keys":[
{"frame":0,"values":[0.9981,-0.0616,0,0,0.0613,0.9938,-0.0922,0,0.0056,0.0921,0.9957,0,0,0.1613,0,1]},
{"frame":6,"values":[0.9981,-0.0616,0,0,0.0613,0.9938,-0.0922,0,0.0056,0.0921,0.9957,0,0,0.1614,0,1]},
{"frame":9,"values":[0.9981,-0.0616,0,0,0.0613,0.9938,-0.0922,0,0.0056,0.0921,0.9957,0,0,0.1613,0,1]},
{"frame":17,"values":[0.9981,-0.0616,0,0,0.0613,0.9938,-0.0922,0,0.0056,0.0921,0.9957,0,0,0.1614,0,1]},
{"frame":65,"values":[0.9981,-0.0616,0,0,0.0613,0.9938,-0.0922,0,0.0056,0.0921,0.9957,0,0,0.1614,0,1]}],"loopBehavior":1,"name":"anim","property":"_matrix"}},
{"name":"Bone.060","index":50,"matrix":[0.2606,0.5797,0.7721,0,-0.758,0.6181,-0.2083,0,-0.598,-0.531,0.6004,0,0,0.1266,0,1],"rest":[0.2606,0.5797,0.7721,0,-0.758,0.6181,-0.2083,0,-0.598,-0.531,0.6004,0,0,0.1266,0,1],"parentBoneIndex":34,"length":0.1746
,"animation":{"dataType":3,"framePerSecond":24,"keys":[
{"frame":0,"values":[0.2606,0.5797,0.7721,0,-0.758,0.6181,-0.2083,0,-0.598,-0.531,0.6004,0,0,0.1266,0,1]},
{"frame":65,"values":[0.2606,0.5797,0.7721,0,-0.758,0.6181,-0.2083,0,-0.598,-0.531,0.6004,0,0,0.1266,0,1]}],"loopBehavior":1,"name":"anim","property":"_matrix"}},
{"name":"Bone.061","index":51,"matrix":[0.319,-0.4531,-0.8324,0,0.1005,0.8895,-0.4457,0,0.9424,0.0586,0.3293,0,0,0.1746,0,1],"rest":[0.319,-0.4531,-0.8324,0,0.1005,0.8895,-0.4457,0,0.9424,0.0586,0.3293,0,0,0.1746,0,1],"parentBoneIndex":50,"length":0.1304
,"animation":{"dataType":3,"framePerSecond":24,"keys":[
{"frame":0,"values":[0.319,-0.4531,-0.8324,0,0.1005,0.8895,-0.4457,0,0.9424,0.0586,0.3293,0,0,0.1746,0,1]},
{"frame":65,"values":[0.319,-0.4531,-0.8324,0,0.1005,0.8895,-0.4457,0,0.9424,0.0586,0.3293,0,0,0.1746,0,1]}],"loopBehavior":1,"name":"anim","property":"_matrix"}},
{"name":"Bone.062","index":52,"matrix":[-0.1474,-0.311,-0.9389,0,0.0322,0.9473,-0.3188,0,0.9886,-0.0772,-0.1296,0,0,0.1304,0,1],"rest":[-0.1474,-0.311,-0.9389,0,0.0322,0.9473,-0.3188,0,0.9886,-0.0772,-0.1296,0,0,0.1304,0,1],"parentBoneIndex":51,"length":0.1387
,"animation":{"dataType":3,"framePerSecond":24,"keys":[
{"frame":0,"values":[-0.1474,-0.311,-0.9389,0,0.0322,0.9473,-0.3188,0,0.9886,-0.0772,-0.1296,0,0,0.1304,0,1]},
{"frame":65,"values":[-0.1474,-0.311,-0.9389,0,0.0322,0.9473,-0.3188,0,0.9886,-0.0772,-0.1296,0,0,0.1304,0,1]}],"loopBehavior":1,"name":"anim","property":"_matrix"}},
{"name":"Bone.063","index":53,"matrix":[-0.984,0.0985,-0.1485,0,0.0989,0.9951,0.005,0,0.1483,-0.0098,-0.9889,0,0,0.1387,0,1],"rest":[-0.984,0.0985,-0.1485,0,0.0989,0.9951,0.005,0,0.1483,-0.0098,-0.9889,0,0,0.1387,0,1],"parentBoneIndex":52,"length":0.2068
,"animation":{"dataType":3,"framePerSecond":24,"keys":[
{"frame":0,"values":[-0.984,0.0985,-0.1485,0,0.0989,0.9951,0.005,0,0.1483,-0.0098,-0.9889,0,0,0.1387,0,1]},
{"frame":65,"values":[-0.984,0.0985,-0.1485,0,0.0989,0.9951,0.005,0,0.1483,-0.0098,-0.9889,0,0,0.1387,0,1]}],"loopBehavior":1,"name":"anim","property":"_matrix"}},
